(kicad_pcb (version 20171130) (host pcbnew 5.1.2)

  (general
    (thickness 1.6)
    (drawings 24)
    (tracks 503)
    (zones 0)
    (modules 18)
    (nets 51)
  )

  (page A4)
  (layers
    (0 F.Cu signal)
    (31 B.Cu signal)
    (32 B.Adhes user)
    (33 F.Adhes user)
    (34 B.Paste user)
    (35 F.Paste user)
    (36 B.SilkS user)
    (37 F.SilkS user)
    (38 B.Mask user)
    (39 F.Mask user)
    (40 Dwgs.User user)
    (41 Cmts.User user)
    (42 Eco1.User user)
    (43 Eco2.User user)
    (44 Edge.Cuts user)
    (45 Margin user)
    (46 B.CrtYd user)
    (47 F.CrtYd user)
    (48 B.Fab user hide)
    (49 F.Fab user hide)
  )

  (setup
    (last_trace_width 0.25)
    (user_trace_width 0.5)
    (trace_clearance 0.2)
    (zone_clearance 0.4)
    (zone_45_only no)
    (trace_min 0.2)
    (via_size 0.8)
    (via_drill 0.4)
    (via_min_size 0.45)
    (via_min_drill 0.3)
    (uvia_size 0.3)
    (uvia_drill 0.1)
    (uvias_allowed no)
    (uvia_min_size 0.2)
    (uvia_min_drill 0.1)
    (edge_width 0.05)
    (segment_width 0.2)
    (pcb_text_width 0.3)
    (pcb_text_size 1.5 1.5)
    (mod_edge_width 0.12)
    (mod_text_size 1 1)
    (mod_text_width 0.15)
    (pad_size 1.524 1.524)
    (pad_drill 0.762)
    (pad_to_mask_clearance 0.051)
    (solder_mask_min_width 0.25)
    (aux_axis_origin 0 0)
    (visible_elements FFFFFF7F)
    (pcbplotparams
      (layerselection 0x010f0_ffffffff)
      (usegerberextensions false)
      (usegerberattributes false)
      (usegerberadvancedattributes false)
      (creategerberjobfile false)
      (excludeedgelayer true)
      (linewidth 0.100000)
      (plotframeref false)
      (viasonmask false)
      (mode 1)
      (useauxorigin false)
      (hpglpennumber 1)
      (hpglpenspeed 20)
      (hpglpendiameter 15.000000)
      (psnegative false)
      (psa4output false)
      (plotreference true)
      (plotvalue true)
      (plotinvisibletext false)
      (padsonsilk false)
      (subtractmaskfromsilk false)
      (outputformat 1)
      (mirror false)
      (drillshape 0)
      (scaleselection 1)
      (outputdirectory "gerber/"))
  )

  (net 0 "")
  (net 1 VCC)
  (net 2 GND)
  (net 3 "Net-(C3-Pad1)")
  (net 4 "Net-(J1-PadA1)")
  (net 5 "Net-(J1-PadA3)")
  (net 6 /CLKO)
  (net 7 /TX)
  (net 8 /RX)
  (net 9 /GPIO3)
  (net 10 /GPIO4)
  (net 11 /NRST)
  (net 12 /SPI_SCLK)
  (net 13 /SPI_MISO)
  (net 14 /SPI_MOSI)
  (net 15 /BOOT0)
  (net 16 /SPI_SS)
  (net 17 "Net-(J1-PadA19)")
  (net 18 /TRST)
  (net 19 /TDI)
  (net 20 /TDO)
  (net 21 /TMS)
  (net 22 /TCK)
  (net 23 /I2C_SCL)
  (net 24 /I2C_SDA)
  (net 25 /GPIO5)
  (net 26 "Net-(J1-PadB16)")
  (net 27 "Net-(J1-PadB17)")
  (net 28 "Net-(J1-PadB18)")
  (net 29 "Net-(J1-PadB19)")
  (net 30 "Net-(J1-PadB20)")
  (net 31 "Net-(J1-PadC3)")
  (net 32 "Net-(J1-PadC11)")
  (net 33 "Net-(J1-PadC12)")
  (net 34 "Net-(J1-PadC13)")
  (net 35 "Net-(J1-PadC15)")
  (net 36 /LED1)
  (net 37 /LED2)
  (net 38 /LED3)
  (net 39 "Net-(J2-Pad1)")
  (net 40 /CAN_RX)
  (net 41 /CAN_TX)
  (net 42 /USB_VBUS)
  (net 43 "Net-(JP1-Pad2)")
  (net 44 "Net-(JP2-Pad2)")
  (net 45 /CLKI)
  (net 46 "Net-(R3-Pad2)")
  (net 47 "Net-(J2-Pad10)")
  (net 48 "Net-(J2-Pad9)")
  (net 49 "Net-(J2-Pad8)")
  (net 50 "Net-(J2-Pad7)")

  (net_class Default "Dies ist die voreingestellte Netzklasse."
    (clearance 0.2)
    (trace_width 0.25)
    (via_dia 0.8)
    (via_drill 0.4)
    (uvia_dia 0.3)
    (uvia_drill 0.1)
    (add_net /BOOT0)
    (add_net /CAN_RX)
    (add_net /CAN_TX)
    (add_net /CLKI)
    (add_net /CLKO)
    (add_net /GPIO3)
    (add_net /GPIO4)
    (add_net /GPIO5)
    (add_net /I2C_SCL)
    (add_net /I2C_SDA)
    (add_net /LED1)
    (add_net /LED2)
    (add_net /LED3)
    (add_net /NRST)
    (add_net /RX)
    (add_net /SPI_MISO)
    (add_net /SPI_MOSI)
    (add_net /SPI_SCLK)
    (add_net /SPI_SS)
    (add_net /TCK)
    (add_net /TDI)
    (add_net /TDO)
    (add_net /TMS)
    (add_net /TRST)
    (add_net /TX)
    (add_net /USB_VBUS)
    (add_net GND)
    (add_net "Net-(C3-Pad1)")
    (add_net "Net-(J1-PadA1)")
    (add_net "Net-(J1-PadA19)")
    (add_net "Net-(J1-PadA3)")
    (add_net "Net-(J1-PadB16)")
    (add_net "Net-(J1-PadB17)")
    (add_net "Net-(J1-PadB18)")
    (add_net "Net-(J1-PadB19)")
    (add_net "Net-(J1-PadB20)")
    (add_net "Net-(J1-PadC11)")
    (add_net "Net-(J1-PadC12)")
    (add_net "Net-(J1-PadC13)")
    (add_net "Net-(J1-PadC15)")
    (add_net "Net-(J1-PadC3)")
    (add_net "Net-(J2-Pad1)")
    (add_net "Net-(J2-Pad10)")
    (add_net "Net-(J2-Pad7)")
    (add_net "Net-(J2-Pad8)")
    (add_net "Net-(J2-Pad9)")
    (add_net "Net-(JP1-Pad2)")
    (add_net "Net-(JP2-Pad2)")
    (add_net "Net-(R3-Pad2)")
    (add_net VCC)
  )

  (module Connector_PinHeader_2.54mm:PinHeader_2x05_P2.54mm_Vertical (layer F.Cu) (tedit 59FED5CC) (tstamp 5D4A8653)
    (at 161.21 84.582)
    (descr "Through hole straight pin header, 2x05, 2.54mm pitch, double rows")
    (tags "Through hole pin header THT 2x05 2.54mm double row")
    (path /5D4646B0)
    (fp_text reference J2 (at -2.306 5.668) (layer F.SilkS)
      (effects (font (size 1 1) (thickness 0.15)))
    )
    (fp_text value Conn_02x03_Odd_Even (at 1.27 7.41) (layer F.Fab)
      (effects (font (size 1 1) (thickness 0.15)))
    )
    (fp_text user %R (at 1.27 2.54 90) (layer F.Fab)
      (effects (font (size 1 1) (thickness 0.15)))
    )
    (fp_line (start 4.35 -1.8) (end -1.8 -1.8) (layer F.CrtYd) (width 0.05))
    (fp_line (start 4.35 11.95) (end 4.35 -1.8) (layer F.CrtYd) (width 0.05))
    (fp_line (start -1.8 11.95) (end 4.35 11.95) (layer F.CrtYd) (width 0.05))
    (fp_line (start -1.8 -1.8) (end -1.8 11.95) (layer F.CrtYd) (width 0.05))
    (fp_line (start -1.33 -1.33) (end 0 -1.33) (layer F.SilkS) (width 0.12))
    (fp_line (start -1.33 0) (end -1.33 -1.33) (layer F.SilkS) (width 0.12))
    (fp_line (start 1.27 -1.33) (end 3.87 -1.33) (layer F.SilkS) (width 0.12))
    (fp_line (start 1.27 1.27) (end 1.27 -1.33) (layer F.SilkS) (width 0.12))
    (fp_line (start -1.33 1.27) (end 1.27 1.27) (layer F.SilkS) (width 0.12))
    (fp_line (start 3.87 -1.33) (end 3.87 11.49) (layer F.SilkS) (width 0.12))
    (fp_line (start -1.33 1.27) (end -1.33 11.49) (layer F.SilkS) (width 0.12))
    (fp_line (start -1.33 11.49) (end 3.87 11.49) (layer F.SilkS) (width 0.12))
    (fp_line (start -1.27 0) (end 0 -1.27) (layer F.Fab) (width 0.1))
    (fp_line (start -1.27 11.43) (end -1.27 0) (layer F.Fab) (width 0.1))
    (fp_line (start 3.81 11.43) (end -1.27 11.43) (layer F.Fab) (width 0.1))
    (fp_line (start 3.81 -1.27) (end 3.81 11.43) (layer F.Fab) (width 0.1))
    (fp_line (start 0 -1.27) (end 3.81 -1.27) (layer F.Fab) (width 0.1))
    (pad 10 thru_hole oval (at 2.54 10.16) (size 1.7 1.7) (drill 1) (layers *.Cu *.Mask)
      (net 47 "Net-(J2-Pad10)"))
    (pad 9 thru_hole oval (at 0 10.16) (size 1.7 1.7) (drill 1) (layers *.Cu *.Mask)
      (net 48 "Net-(J2-Pad9)"))
    (pad 8 thru_hole oval (at 2.54 7.62) (size 1.7 1.7) (drill 1) (layers *.Cu *.Mask)
      (net 49 "Net-(J2-Pad8)"))
    (pad 7 thru_hole oval (at 0 7.62) (size 1.7 1.7) (drill 1) (layers *.Cu *.Mask)
      (net 50 "Net-(J2-Pad7)"))
    (pad 6 thru_hole oval (at 2.54 5.08) (size 1.7 1.7) (drill 1) (layers *.Cu *.Mask)
      (net 2 GND))
    (pad 5 thru_hole oval (at 0 5.08) (size 1.7 1.7) (drill 1) (layers *.Cu *.Mask)
      (net 42 /USB_VBUS))
    (pad 4 thru_hole oval (at 2.54 2.54) (size 1.7 1.7) (drill 1) (layers *.Cu *.Mask)
      (net 1 VCC))
    (pad 3 thru_hole oval (at 0 2.54) (size 1.7 1.7) (drill 1) (layers *.Cu *.Mask)
      (net 41 /CAN_TX))
    (pad 2 thru_hole oval (at 2.54 0) (size 1.7 1.7) (drill 1) (layers *.Cu *.Mask)
      (net 40 /CAN_RX))
    (pad 1 thru_hole rect (at 0 0) (size 1.7 1.7) (drill 1) (layers *.Cu *.Mask)
      (net 39 "Net-(J2-Pad1)"))
    (model ${KISYS3DMOD}/Connector_PinHeader_2.54mm.3dshapes/PinHeader_2x05_P2.54mm_Vertical.wrl
      (at (xyz 0 0 0))
      (scale (xyz 1 1 1))
      (rotate (xyz 0 0 0))
    )
  )

  (module Capacitor_SMD:C_0603_1608Metric (layer F.Cu) (tedit 5B301BBE) (tstamp 5D48BA7A)
    (at 150.5375 87.5 180)
    (descr "Capacitor SMD 0603 (1608 Metric), square (rectangular) end terminal, IPC_7351 nominal, (Body size source: http://www.tortai-tech.com/upload/download/2011102023233369053.pdf), generated with kicad-footprint-generator")
    (tags capacitor)
    (path /5D55CF97)
    (attr smd)
    (fp_text reference C4 (at 2.372 0) (layer F.SilkS)
      (effects (font (size 1 1) (thickness 0.15)))
    )
    (fp_text value 100n (at 0 1.43) (layer F.Fab)
      (effects (font (size 1 1) (thickness 0.15)))
    )
    (fp_line (start -0.8 0.4) (end -0.8 -0.4) (layer F.Fab) (width 0.1))
    (fp_line (start -0.8 -0.4) (end 0.8 -0.4) (layer F.Fab) (width 0.1))
    (fp_line (start 0.8 -0.4) (end 0.8 0.4) (layer F.Fab) (width 0.1))
    (fp_line (start 0.8 0.4) (end -0.8 0.4) (layer F.Fab) (width 0.1))
    (fp_line (start -0.162779 -0.51) (end 0.162779 -0.51) (layer F.SilkS) (width 0.12))
    (fp_line (start -0.162779 0.51) (end 0.162779 0.51) (layer F.SilkS) (width 0.12))
    (fp_line (start -1.48 0.73) (end -1.48 -0.73) (layer F.CrtYd) (width 0.05))
    (fp_line (start -1.48 -0.73) (end 1.48 -0.73) (layer F.CrtYd) (width 0.05))
    (fp_line (start 1.48 -0.73) (end 1.48 0.73) (layer F.CrtYd) (width 0.05))
    (fp_line (start 1.48 0.73) (end -1.48 0.73) (layer F.CrtYd) (width 0.05))
    (fp_text user %R (at 0 0) (layer F.Fab)
      (effects (font (size 0.4 0.4) (thickness 0.06)))
    )
    (pad 1 smd roundrect (at -0.7875 0 180) (size 0.875 0.95) (layers F.Cu F.Paste F.Mask) (roundrect_rratio 0.25)
      (net 3 "Net-(C3-Pad1)"))
    (pad 2 smd roundrect (at 0.7875 0 180) (size 0.875 0.95) (layers F.Cu F.Paste F.Mask) (roundrect_rratio 0.25)
      (net 2 GND))
    (model ${KISYS3DMOD}/Capacitor_SMD.3dshapes/C_0603_1608Metric.wrl
      (at (xyz 0 0 0))
      (scale (xyz 1 1 1))
      (rotate (xyz 0 0 0))
    )
  )

  (module Capacitor_SMD:C_0603_1608Metric (layer B.Cu) (tedit 5B301BBE) (tstamp 5D4A0050)
    (at 146.9625 96.75)
    (descr "Capacitor SMD 0603 (1608 Metric), square (rectangular) end terminal, IPC_7351 nominal, (Body size source: http://www.tortai-tech.com/upload/download/2011102023233369053.pdf), generated with kicad-footprint-generator")
    (tags capacitor)
    (path /5D55D5ED)
    (attr smd)
    (fp_text reference C5 (at 2.372 0) (layer B.SilkS)
      (effects (font (size 1 1) (thickness 0.15)) (justify mirror))
    )
    (fp_text value 100n (at 0 -1.43) (layer B.Fab)
      (effects (font (size 1 1) (thickness 0.15)) (justify mirror))
    )
    (fp_line (start -0.8 -0.4) (end -0.8 0.4) (layer B.Fab) (width 0.1))
    (fp_line (start -0.8 0.4) (end 0.8 0.4) (layer B.Fab) (width 0.1))
    (fp_line (start 0.8 0.4) (end 0.8 -0.4) (layer B.Fab) (width 0.1))
    (fp_line (start 0.8 -0.4) (end -0.8 -0.4) (layer B.Fab) (width 0.1))
    (fp_line (start -0.162779 0.51) (end 0.162779 0.51) (layer B.SilkS) (width 0.12))
    (fp_line (start -0.162779 -0.51) (end 0.162779 -0.51) (layer B.SilkS) (width 0.12))
    (fp_line (start -1.48 -0.73) (end -1.48 0.73) (layer B.CrtYd) (width 0.05))
    (fp_line (start -1.48 0.73) (end 1.48 0.73) (layer B.CrtYd) (width 0.05))
    (fp_line (start 1.48 0.73) (end 1.48 -0.73) (layer B.CrtYd) (width 0.05))
    (fp_line (start 1.48 -0.73) (end -1.48 -0.73) (layer B.CrtYd) (width 0.05))
    (fp_text user %R (at 0 0) (layer B.Fab)
      (effects (font (size 0.4 0.4) (thickness 0.06)) (justify mirror))
    )
    (pad 1 smd roundrect (at -0.7875 0) (size 0.875 0.95) (layers B.Cu B.Paste B.Mask) (roundrect_rratio 0.25)
      (net 3 "Net-(C3-Pad1)"))
    (pad 2 smd roundrect (at 0.7875 0) (size 0.875 0.95) (layers B.Cu B.Paste B.Mask) (roundrect_rratio 0.25)
      (net 2 GND))
    (model ${KISYS3DMOD}/Capacitor_SMD.3dshapes/C_0603_1608Metric.wrl
      (at (xyz 0 0 0))
      (scale (xyz 1 1 1))
      (rotate (xyz 0 0 0))
    )
  )

  (module Capacitor_SMD:C_0603_1608Metric (layer F.Cu) (tedit 5B301BBE) (tstamp 5D486CC6)
    (at 150.5375 86 180)
    (descr "Capacitor SMD 0603 (1608 Metric), square (rectangular) end terminal, IPC_7351 nominal, (Body size source: http://www.tortai-tech.com/upload/download/2011102023233369053.pdf), generated with kicad-footprint-generator")
    (tags capacitor)
    (path /5D56609A)
    (attr smd)
    (fp_text reference C3 (at 2.3975 0) (layer F.SilkS)
      (effects (font (size 1 1) (thickness 0.15)))
    )
    (fp_text value 4.7u (at 0 1.43) (layer F.Fab)
      (effects (font (size 1 1) (thickness 0.15)))
    )
    (fp_text user %R (at 0 0) (layer F.Fab)
      (effects (font (size 0.4 0.4) (thickness 0.06)))
    )
    (fp_line (start 1.48 0.73) (end -1.48 0.73) (layer F.CrtYd) (width 0.05))
    (fp_line (start 1.48 -0.73) (end 1.48 0.73) (layer F.CrtYd) (width 0.05))
    (fp_line (start -1.48 -0.73) (end 1.48 -0.73) (layer F.CrtYd) (width 0.05))
    (fp_line (start -1.48 0.73) (end -1.48 -0.73) (layer F.CrtYd) (width 0.05))
    (fp_line (start -0.162779 0.51) (end 0.162779 0.51) (layer F.SilkS) (width 0.12))
    (fp_line (start -0.162779 -0.51) (end 0.162779 -0.51) (layer F.SilkS) (width 0.12))
    (fp_line (start 0.8 0.4) (end -0.8 0.4) (layer F.Fab) (width 0.1))
    (fp_line (start 0.8 -0.4) (end 0.8 0.4) (layer F.Fab) (width 0.1))
    (fp_line (start -0.8 -0.4) (end 0.8 -0.4) (layer F.Fab) (width 0.1))
    (fp_line (start -0.8 0.4) (end -0.8 -0.4) (layer F.Fab) (width 0.1))
    (pad 2 smd roundrect (at 0.7875 0 180) (size 0.875 0.95) (layers F.Cu F.Paste F.Mask) (roundrect_rratio 0.25)
      (net 2 GND))
    (pad 1 smd roundrect (at -0.7875 0 180) (size 0.875 0.95) (layers F.Cu F.Paste F.Mask) (roundrect_rratio 0.25)
      (net 3 "Net-(C3-Pad1)"))
    (model ${KISYS3DMOD}/Capacitor_SMD.3dshapes/C_0603_1608Metric.wrl
      (at (xyz 0 0 0))
      (scale (xyz 1 1 1))
      (rotate (xyz 0 0 0))
    )
  )

  (module Package_DFN_QFN:QFN-32-1EP_5x5mm_P0.5mm_EP3.45x3.45mm (layer F.Cu) (tedit 5B4E85CE) (tstamp 5D486639)
    (at 148.59 93.98 90)
    (descr "QFN, 32 Pin (http://www.analog.com/media/en/package-pcb-resources/package/pkg_pdf/ltc-legacy-qfn/QFN_32_05-08-1693.pdf), generated with kicad-footprint-generator ipc_dfn_qfn_generator.py")
    (tags "QFN DFN_QFN")
    (path /5D40D963)
    (attr smd)
    (fp_text reference U1 (at -3.77 -0.09) (layer F.SilkS)
      (effects (font (size 1 1) (thickness 0.15)))
    )
    (fp_text value STM32L432KCUx (at 0 3.82 90) (layer F.Fab)
      (effects (font (size 1 1) (thickness 0.15)))
    )
    (fp_line (start 2.135 -2.61) (end 2.61 -2.61) (layer F.SilkS) (width 0.12))
    (fp_line (start 2.61 -2.61) (end 2.61 -2.135) (layer F.SilkS) (width 0.12))
    (fp_line (start -2.135 2.61) (end -2.61 2.61) (layer F.SilkS) (width 0.12))
    (fp_line (start -2.61 2.61) (end -2.61 2.135) (layer F.SilkS) (width 0.12))
    (fp_line (start 2.135 2.61) (end 2.61 2.61) (layer F.SilkS) (width 0.12))
    (fp_line (start 2.61 2.61) (end 2.61 2.135) (layer F.SilkS) (width 0.12))
    (fp_line (start -2.135 -2.61) (end -2.61 -2.61) (layer F.SilkS) (width 0.12))
    (fp_line (start -1.5 -2.5) (end 2.5 -2.5) (layer F.Fab) (width 0.1))
    (fp_line (start 2.5 -2.5) (end 2.5 2.5) (layer F.Fab) (width 0.1))
    (fp_line (start 2.5 2.5) (end -2.5 2.5) (layer F.Fab) (width 0.1))
    (fp_line (start -2.5 2.5) (end -2.5 -1.5) (layer F.Fab) (width 0.1))
    (fp_line (start -2.5 -1.5) (end -1.5 -2.5) (layer F.Fab) (width 0.1))
    (fp_line (start -3.12 -3.12) (end -3.12 3.12) (layer F.CrtYd) (width 0.05))
    (fp_line (start -3.12 3.12) (end 3.12 3.12) (layer F.CrtYd) (width 0.05))
    (fp_line (start 3.12 3.12) (end 3.12 -3.12) (layer F.CrtYd) (width 0.05))
    (fp_line (start 3.12 -3.12) (end -3.12 -3.12) (layer F.CrtYd) (width 0.05))
    (fp_text user %R (at 0 0 90) (layer F.Fab)
      (effects (font (size 1 1) (thickness 0.15)))
    )
    (pad 33 smd roundrect (at 0 0 90) (size 3.45 3.45) (layers F.Cu F.Mask) (roundrect_rratio 0.072464)
      (net 2 GND))
    (pad "" smd roundrect (at -1.15 -1.15 90) (size 0.93 0.93) (layers F.Paste) (roundrect_rratio 0.25))
    (pad "" smd roundrect (at -1.15 0 90) (size 0.93 0.93) (layers F.Paste) (roundrect_rratio 0.25))
    (pad "" smd roundrect (at -1.15 1.15 90) (size 0.93 0.93) (layers F.Paste) (roundrect_rratio 0.25))
    (pad "" smd roundrect (at 0 -1.15 90) (size 0.93 0.93) (layers F.Paste) (roundrect_rratio 0.25))
    (pad "" smd roundrect (at 0 0 90) (size 0.93 0.93) (layers F.Paste) (roundrect_rratio 0.25))
    (pad "" smd roundrect (at 0 1.15 90) (size 0.93 0.93) (layers F.Paste) (roundrect_rratio 0.25))
    (pad "" smd roundrect (at 1.15 -1.15 90) (size 0.93 0.93) (layers F.Paste) (roundrect_rratio 0.25))
    (pad "" smd roundrect (at 1.15 0 90) (size 0.93 0.93) (layers F.Paste) (roundrect_rratio 0.25))
    (pad "" smd roundrect (at 1.15 1.15 90) (size 0.93 0.93) (layers F.Paste) (roundrect_rratio 0.25))
    (pad 1 smd roundrect (at -2.4375 -1.75 90) (size 0.875 0.25) (layers F.Cu F.Paste F.Mask) (roundrect_rratio 0.25)
      (net 3 "Net-(C3-Pad1)"))
    (pad 2 smd roundrect (at -2.4375 -1.25 90) (size 0.875 0.25) (layers F.Cu F.Paste F.Mask) (roundrect_rratio 0.25)
      (net 45 /CLKI))
    (pad 3 smd roundrect (at -2.4375 -0.75 90) (size 0.875 0.25) (layers F.Cu F.Paste F.Mask) (roundrect_rratio 0.25)
      (net 10 /GPIO4))
    (pad 4 smd roundrect (at -2.4375 -0.25 90) (size 0.875 0.25) (layers F.Cu F.Paste F.Mask) (roundrect_rratio 0.25)
      (net 11 /NRST))
    (pad 5 smd roundrect (at -2.4375 0.25 90) (size 0.875 0.25) (layers F.Cu F.Paste F.Mask) (roundrect_rratio 0.25)
      (net 1 VCC))
    (pad 6 smd roundrect (at -2.4375 0.75 90) (size 0.875 0.25) (layers F.Cu F.Paste F.Mask) (roundrect_rratio 0.25)
      (net 45 /CLKI))
    (pad 7 smd roundrect (at -2.4375 1.25 90) (size 0.875 0.25) (layers F.Cu F.Paste F.Mask) (roundrect_rratio 0.25)
      (net 36 /LED1))
    (pad 8 smd roundrect (at -2.4375 1.75 90) (size 0.875 0.25) (layers F.Cu F.Paste F.Mask) (roundrect_rratio 0.25)
      (net 37 /LED2))
    (pad 9 smd roundrect (at -1.75 2.4375 90) (size 0.25 0.875) (layers F.Cu F.Paste F.Mask) (roundrect_rratio 0.25)
      (net 38 /LED3))
    (pad 10 smd roundrect (at -1.25 2.4375 90) (size 0.25 0.875) (layers F.Cu F.Paste F.Mask) (roundrect_rratio 0.25)
      (net 9 /GPIO3))
    (pad 11 smd roundrect (at -0.75 2.4375 90) (size 0.25 0.875) (layers F.Cu F.Paste F.Mask) (roundrect_rratio 0.25)
      (net 12 /SPI_SCLK))
    (pad 12 smd roundrect (at -0.25 2.4375 90) (size 0.25 0.875) (layers F.Cu F.Paste F.Mask) (roundrect_rratio 0.25)
      (net 13 /SPI_MISO))
    (pad 13 smd roundrect (at 0.25 2.4375 90) (size 0.25 0.875) (layers F.Cu F.Paste F.Mask) (roundrect_rratio 0.25)
      (net 14 /SPI_MOSI))
    (pad 14 smd roundrect (at 0.75 2.4375 90) (size 0.25 0.875) (layers F.Cu F.Paste F.Mask) (roundrect_rratio 0.25)
      (net 16 /SPI_SS))
    (pad 15 smd roundrect (at 1.25 2.4375 90) (size 0.25 0.875) (layers F.Cu F.Paste F.Mask) (roundrect_rratio 0.25)
      (net 46 "Net-(R3-Pad2)"))
    (pad 16 smd roundrect (at 1.75 2.4375 90) (size 0.25 0.875) (layers F.Cu F.Paste F.Mask) (roundrect_rratio 0.25)
      (net 43 "Net-(JP1-Pad2)"))
    (pad 17 smd roundrect (at 2.4375 1.75 90) (size 0.875 0.25) (layers F.Cu F.Paste F.Mask) (roundrect_rratio 0.25)
      (net 3 "Net-(C3-Pad1)"))
    (pad 18 smd roundrect (at 2.4375 1.25 90) (size 0.875 0.25) (layers F.Cu F.Paste F.Mask) (roundrect_rratio 0.25)
      (net 6 /CLKO))
    (pad 19 smd roundrect (at 2.4375 0.75 90) (size 0.875 0.25) (layers F.Cu F.Paste F.Mask) (roundrect_rratio 0.25)
      (net 23 /I2C_SCL))
    (pad 20 smd roundrect (at 2.4375 0.25 90) (size 0.875 0.25) (layers F.Cu F.Paste F.Mask) (roundrect_rratio 0.25)
      (net 24 /I2C_SDA))
    (pad 21 smd roundrect (at 2.4375 -0.25 90) (size 0.875 0.25) (layers F.Cu F.Paste F.Mask) (roundrect_rratio 0.25)
      (net 40 /CAN_RX))
    (pad 22 smd roundrect (at 2.4375 -0.75 90) (size 0.875 0.25) (layers F.Cu F.Paste F.Mask) (roundrect_rratio 0.25)
      (net 41 /CAN_TX))
    (pad 23 smd roundrect (at 2.4375 -1.25 90) (size 0.875 0.25) (layers F.Cu F.Paste F.Mask) (roundrect_rratio 0.25)
      (net 21 /TMS))
    (pad 24 smd roundrect (at 2.4375 -1.75 90) (size 0.875 0.25) (layers F.Cu F.Paste F.Mask) (roundrect_rratio 0.25)
      (net 22 /TCK))
    (pad 25 smd roundrect (at 1.75 -2.4375 90) (size 0.25 0.875) (layers F.Cu F.Paste F.Mask) (roundrect_rratio 0.25)
      (net 19 /TDI))
    (pad 26 smd roundrect (at 1.25 -2.4375 90) (size 0.25 0.875) (layers F.Cu F.Paste F.Mask) (roundrect_rratio 0.25)
      (net 20 /TDO))
    (pad 27 smd roundrect (at 0.75 -2.4375 90) (size 0.25 0.875) (layers F.Cu F.Paste F.Mask) (roundrect_rratio 0.25)
      (net 18 /TRST))
    (pad 28 smd roundrect (at 0.25 -2.4375 90) (size 0.25 0.875) (layers F.Cu F.Paste F.Mask) (roundrect_rratio 0.25)
      (net 25 /GPIO5))
    (pad 29 smd roundrect (at -0.25 -2.4375 90) (size 0.25 0.875) (layers F.Cu F.Paste F.Mask) (roundrect_rratio 0.25)
      (net 7 /TX))
    (pad 30 smd roundrect (at -0.75 -2.4375 90) (size 0.25 0.875) (layers F.Cu F.Paste F.Mask) (roundrect_rratio 0.25)
      (net 8 /RX))
    (pad 31 smd roundrect (at -1.25 -2.4375 90) (size 0.25 0.875) (layers F.Cu F.Paste F.Mask) (roundrect_rratio 0.25)
      (net 15 /BOOT0))
    (pad 32 smd roundrect (at -1.75 -2.4375 90) (size 0.25 0.875) (layers F.Cu F.Paste F.Mask) (roundrect_rratio 0.25)
      (net 2 GND))
    (model ${KISYS3DMOD}/Package_DFN_QFN.3dshapes/QFN-32-1EP_5x5mm_P0.5mm_EP3.45x3.45mm.wrl
      (at (xyz 0 0 0))
      (scale (xyz 1 1 1))
      (rotate (xyz 0 0 0))
    )
  )

  (module Resistor_SMD:R_0603_1608Metric (layer F.Cu) (tedit 5B301BBD) (tstamp 5D4A53FF)
    (at 167.75 85.25 90)
    (descr "Resistor SMD 0603 (1608 Metric), square (rectangular) end terminal, IPC_7351 nominal, (Body size source: http://www.tortai-tech.com/upload/download/2011102023233369053.pdf), generated with kicad-footprint-generator")
    (tags resistor)
    (path /5D48B172)
    (attr smd)
    (fp_text reference R7 (at 2.344 0.11 90) (layer F.SilkS)
      (effects (font (size 1 1) (thickness 0.15)))
    )
    (fp_text value 10k (at 0 1.43 90) (layer F.Fab)
      (effects (font (size 1 1) (thickness 0.15)))
    )
    (fp_text user %R (at 0 0 90) (layer F.Fab)
      (effects (font (size 0.4 0.4) (thickness 0.06)))
    )
    (fp_line (start 1.48 0.73) (end -1.48 0.73) (layer F.CrtYd) (width 0.05))
    (fp_line (start 1.48 -0.73) (end 1.48 0.73) (layer F.CrtYd) (width 0.05))
    (fp_line (start -1.48 -0.73) (end 1.48 -0.73) (layer F.CrtYd) (width 0.05))
    (fp_line (start -1.48 0.73) (end -1.48 -0.73) (layer F.CrtYd) (width 0.05))
    (fp_line (start -0.162779 0.51) (end 0.162779 0.51) (layer F.SilkS) (width 0.12))
    (fp_line (start -0.162779 -0.51) (end 0.162779 -0.51) (layer F.SilkS) (width 0.12))
    (fp_line (start 0.8 0.4) (end -0.8 0.4) (layer F.Fab) (width 0.1))
    (fp_line (start 0.8 -0.4) (end 0.8 0.4) (layer F.Fab) (width 0.1))
    (fp_line (start -0.8 -0.4) (end 0.8 -0.4) (layer F.Fab) (width 0.1))
    (fp_line (start -0.8 0.4) (end -0.8 -0.4) (layer F.Fab) (width 0.1))
    (pad 2 smd roundrect (at 0.7875 0 90) (size 0.875 0.95) (layers F.Cu F.Paste F.Mask) (roundrect_rratio 0.25)
      (net 40 /CAN_RX))
    (pad 1 smd roundrect (at -0.7875 0 90) (size 0.875 0.95) (layers F.Cu F.Paste F.Mask) (roundrect_rratio 0.25)
      (net 44 "Net-(JP2-Pad2)"))
    (model ${KISYS3DMOD}/Resistor_SMD.3dshapes/R_0603_1608Metric.wrl
      (at (xyz 0 0 0))
      (scale (xyz 1 1 1))
      (rotate (xyz 0 0 0))
    )
  )

  (module Capacitor_SMD:C_0603_1608Metric (layer F.Cu) (tedit 5B301BBE) (tstamp 5D466A25)
    (at 150 99.5)
    (descr "Capacitor SMD 0603 (1608 Metric), square (rectangular) end terminal, IPC_7351 nominal, (Body size source: http://www.tortai-tech.com/upload/download/2011102023233369053.pdf), generated with kicad-footprint-generator")
    (tags capacitor)
    (path /5D55DA14)
    (attr smd)
    (fp_text reference C6 (at 2.5 0 180) (layer F.SilkS)
      (effects (font (size 1 1) (thickness 0.15)))
    )
    (fp_text value 100n (at 0 1.43 180) (layer F.Fab)
      (effects (font (size 1 1) (thickness 0.15)))
    )
    (fp_line (start -0.8 0.4) (end -0.8 -0.4) (layer F.Fab) (width 0.1))
    (fp_line (start -0.8 -0.4) (end 0.8 -0.4) (layer F.Fab) (width 0.1))
    (fp_line (start 0.8 -0.4) (end 0.8 0.4) (layer F.Fab) (width 0.1))
    (fp_line (start 0.8 0.4) (end -0.8 0.4) (layer F.Fab) (width 0.1))
    (fp_line (start -0.162779 -0.51) (end 0.162779 -0.51) (layer F.SilkS) (width 0.12))
    (fp_line (start -0.162779 0.51) (end 0.162779 0.51) (layer F.SilkS) (width 0.12))
    (fp_line (start -1.48 0.73) (end -1.48 -0.73) (layer F.CrtYd) (width 0.05))
    (fp_line (start -1.48 -0.73) (end 1.48 -0.73) (layer F.CrtYd) (width 0.05))
    (fp_line (start 1.48 -0.73) (end 1.48 0.73) (layer F.CrtYd) (width 0.05))
    (fp_line (start 1.48 0.73) (end -1.48 0.73) (layer F.CrtYd) (width 0.05))
    (fp_text user %R (at 0 0 180) (layer F.Fab)
      (effects (font (size 0.4 0.4) (thickness 0.06)))
    )
    (pad 1 smd roundrect (at -0.7875 0) (size 0.875 0.95) (layers F.Cu F.Paste F.Mask) (roundrect_rratio 0.25)
      (net 1 VCC))
    (pad 2 smd roundrect (at 0.7875 0) (size 0.875 0.95) (layers F.Cu F.Paste F.Mask) (roundrect_rratio 0.25)
      (net 2 GND))
    (model ${KISYS3DMOD}/Capacitor_SMD.3dshapes/C_0603_1608Metric.wrl
      (at (xyz 0 0 0))
      (scale (xyz 1 1 1))
      (rotate (xyz 0 0 0))
    )
  )

  (module Resistor_SMD:R_0603_1608Metric (layer F.Cu) (tedit 5B301BBD) (tstamp 5D44BCEE)
    (at 130.0225 104.394)
    (descr "Resistor SMD 0603 (1608 Metric), square (rectangular) end terminal, IPC_7351 nominal, (Body size source: http://www.tortai-tech.com/upload/download/2011102023233369053.pdf), generated with kicad-footprint-generator")
    (tags resistor)
    (path /5D459C89)
    (attr smd)
    (fp_text reference R6 (at 0 -1.43 180) (layer F.SilkS)
      (effects (font (size 1 1) (thickness 0.15)))
    )
    (fp_text value 10k (at 0 1.43 180) (layer F.Fab)
      (effects (font (size 1 1) (thickness 0.15)))
    )
    (fp_text user %R (at 0 0 180) (layer F.Fab)
      (effects (font (size 0.4 0.4) (thickness 0.06)))
    )
    (fp_line (start 1.48 0.73) (end -1.48 0.73) (layer F.CrtYd) (width 0.05))
    (fp_line (start 1.48 -0.73) (end 1.48 0.73) (layer F.CrtYd) (width 0.05))
    (fp_line (start -1.48 -0.73) (end 1.48 -0.73) (layer F.CrtYd) (width 0.05))
    (fp_line (start -1.48 0.73) (end -1.48 -0.73) (layer F.CrtYd) (width 0.05))
    (fp_line (start -0.162779 0.51) (end 0.162779 0.51) (layer F.SilkS) (width 0.12))
    (fp_line (start -0.162779 -0.51) (end 0.162779 -0.51) (layer F.SilkS) (width 0.12))
    (fp_line (start 0.8 0.4) (end -0.8 0.4) (layer F.Fab) (width 0.1))
    (fp_line (start 0.8 -0.4) (end 0.8 0.4) (layer F.Fab) (width 0.1))
    (fp_line (start -0.8 -0.4) (end 0.8 -0.4) (layer F.Fab) (width 0.1))
    (fp_line (start -0.8 0.4) (end -0.8 -0.4) (layer F.Fab) (width 0.1))
    (pad 2 smd roundrect (at 0.7875 0) (size 0.875 0.95) (layers F.Cu F.Paste F.Mask) (roundrect_rratio 0.25)
      (net 2 GND))
    (pad 1 smd roundrect (at -0.7875 0) (size 0.875 0.95) (layers F.Cu F.Paste F.Mask) (roundrect_rratio 0.25)
      (net 15 /BOOT0))
    (model ${KISYS3DMOD}/Resistor_SMD.3dshapes/R_0603_1608Metric.wrl
      (at (xyz 0 0 0))
      (scale (xyz 1 1 1))
      (rotate (xyz 0 0 0))
    )
  )

  (module Resistor_SMD:R_0603_1608Metric (layer F.Cu) (tedit 5B301BBD) (tstamp 5D4592B7)
    (at 127.508 74.168)
    (descr "Resistor SMD 0603 (1608 Metric), square (rectangular) end terminal, IPC_7351 nominal, (Body size source: http://www.tortai-tech.com/upload/download/2011102023233369053.pdf), generated with kicad-footprint-generator")
    (tags resistor)
    (path /5D436707)
    (attr smd)
    (fp_text reference R1 (at 0 -1.43) (layer F.SilkS)
      (effects (font (size 1 1) (thickness 0.15)))
    )
    (fp_text value 100R (at 0 1.43) (layer F.Fab)
      (effects (font (size 1 1) (thickness 0.15)))
    )
    (fp_line (start -0.8 0.4) (end -0.8 -0.4) (layer F.Fab) (width 0.1))
    (fp_line (start -0.8 -0.4) (end 0.8 -0.4) (layer F.Fab) (width 0.1))
    (fp_line (start 0.8 -0.4) (end 0.8 0.4) (layer F.Fab) (width 0.1))
    (fp_line (start 0.8 0.4) (end -0.8 0.4) (layer F.Fab) (width 0.1))
    (fp_line (start -0.162779 -0.51) (end 0.162779 -0.51) (layer F.SilkS) (width 0.12))
    (fp_line (start -0.162779 0.51) (end 0.162779 0.51) (layer F.SilkS) (width 0.12))
    (fp_line (start -1.48 0.73) (end -1.48 -0.73) (layer F.CrtYd) (width 0.05))
    (fp_line (start -1.48 -0.73) (end 1.48 -0.73) (layer F.CrtYd) (width 0.05))
    (fp_line (start 1.48 -0.73) (end 1.48 0.73) (layer F.CrtYd) (width 0.05))
    (fp_line (start 1.48 0.73) (end -1.48 0.73) (layer F.CrtYd) (width 0.05))
    (fp_text user %R (at 0 0) (layer F.Fab)
      (effects (font (size 0.4 0.4) (thickness 0.06)))
    )
    (pad 1 smd roundrect (at -0.7875 0) (size 0.875 0.95) (layers F.Cu F.Paste F.Mask) (roundrect_rratio 0.25)
      (net 5 "Net-(J1-PadA3)"))
    (pad 2 smd roundrect (at 0.7875 0) (size 0.875 0.95) (layers F.Cu F.Paste F.Mask) (roundrect_rratio 0.25)
      (net 45 /CLKI))
    (model ${KISYS3DMOD}/Resistor_SMD.3dshapes/R_0603_1608Metric.wrl
      (at (xyz 0 0 0))
      (scale (xyz 1 1 1))
      (rotate (xyz 0 0 0))
    )
  )

  (module Jumper:SolderJumper-2_P1.3mm_Bridged_RoundedPad1.0x1.5mm (layer F.Cu) (tedit 5C745284) (tstamp 5D44CFFB)
    (at 156.464 96.266 90)
    (descr "SMD Solder Jumper, 1x1.5mm, rounded Pads, 0.3mm gap, bridged with 1 copper strip")
    (tags "solder jumper open")
    (path /5D4E816F)
    (attr virtual)
    (fp_text reference JP1 (at 0 -1.8 90) (layer F.SilkS)
      (effects (font (size 1 1) (thickness 0.15)))
    )
    (fp_text value SolderJumper_2_Bridged (at 0 1.9 90) (layer F.Fab)
      (effects (font (size 1 1) (thickness 0.15)))
    )
    (fp_arc (start 0.7 -0.3) (end 1.4 -0.3) (angle -90) (layer F.SilkS) (width 0.12))
    (fp_arc (start 0.7 0.3) (end 0.7 1) (angle -90) (layer F.SilkS) (width 0.12))
    (fp_arc (start -0.7 0.3) (end -1.4 0.3) (angle -90) (layer F.SilkS) (width 0.12))
    (fp_arc (start -0.7 -0.3) (end -0.7 -1) (angle -90) (layer F.SilkS) (width 0.12))
    (fp_line (start -1.4 0.3) (end -1.4 -0.3) (layer F.SilkS) (width 0.12))
    (fp_line (start 0.7 1) (end -0.7 1) (layer F.SilkS) (width 0.12))
    (fp_line (start 1.4 -0.3) (end 1.4 0.3) (layer F.SilkS) (width 0.12))
    (fp_line (start -0.7 -1) (end 0.7 -1) (layer F.SilkS) (width 0.12))
    (fp_line (start -1.65 -1.25) (end 1.65 -1.25) (layer F.CrtYd) (width 0.05))
    (fp_line (start -1.65 -1.25) (end -1.65 1.25) (layer F.CrtYd) (width 0.05))
    (fp_line (start 1.65 1.25) (end 1.65 -1.25) (layer F.CrtYd) (width 0.05))
    (fp_line (start 1.65 1.25) (end -1.65 1.25) (layer F.CrtYd) (width 0.05))
    (fp_poly (pts (xy 0.25 -0.3) (xy -0.25 -0.3) (xy -0.25 0.3) (xy 0.25 0.3)) (layer F.Cu) (width 0))
    (pad 2 smd custom (at 0.65 0 90) (size 1 0.5) (layers F.Cu F.Mask)
      (net 43 "Net-(JP1-Pad2)") (zone_connect 2)
      (options (clearance outline) (anchor rect))
      (primitives
        (gr_circle (center 0 0.25) (end 0.5 0.25) (width 0))
        (gr_circle (center 0 -0.25) (end 0.5 -0.25) (width 0))
        (gr_poly (pts
           (xy 0 -0.75) (xy -0.5 -0.75) (xy -0.5 0.75) (xy 0 0.75)) (width 0))
      ))
    (pad 1 smd custom (at -0.65 0 90) (size 1 0.5) (layers F.Cu F.Mask)
      (net 2 GND) (zone_connect 2)
      (options (clearance outline) (anchor rect))
      (primitives
        (gr_circle (center 0 0.25) (end 0.5 0.25) (width 0))
        (gr_circle (center 0 -0.25) (end 0.5 -0.25) (width 0))
        (gr_poly (pts
           (xy 0 -0.75) (xy 0.5 -0.75) (xy 0.5 0.75) (xy 0 0.75)) (width 0))
      ))
  )

  (module Symbol:OSHW-Logo_5.7x6mm_SilkScreen (layer B.Cu) (tedit 0) (tstamp 5D46D79A)
    (at 148 76.25 180)
    (descr "Open Source Hardware Logo")
    (tags "Logo OSHW")
    (attr virtual)
    (fp_text reference REF** (at 0 0) (layer B.SilkS) hide
      (effects (font (size 1 1) (thickness 0.15)) (justify mirror))
    )
    (fp_text value OSHW-Logo_5.7x6mm_SilkScreen (at 0.75 0) (layer B.Fab) hide
      (effects (font (size 1 1) (thickness 0.15)) (justify mirror))
    )
    (fp_poly (pts (xy 0.376964 2.709982) (xy 0.433812 2.40843) (xy 0.853338 2.235488) (xy 1.104984 2.406605)
      (xy 1.175458 2.45425) (xy 1.239163 2.49679) (xy 1.293126 2.532285) (xy 1.334373 2.55879)
      (xy 1.359934 2.574364) (xy 1.366895 2.577722) (xy 1.379435 2.569086) (xy 1.406231 2.545208)
      (xy 1.44428 2.509141) (xy 1.490579 2.463933) (xy 1.542123 2.412636) (xy 1.595909 2.358299)
      (xy 1.648935 2.303972) (xy 1.698195 2.252705) (xy 1.740687 2.207549) (xy 1.773407 2.171554)
      (xy 1.793351 2.14777) (xy 1.798119 2.13981) (xy 1.791257 2.125135) (xy 1.77202 2.092986)
      (xy 1.74243 2.046508) (xy 1.70451 1.988844) (xy 1.660282 1.92314) (xy 1.634654 1.885664)
      (xy 1.587941 1.817232) (xy 1.546432 1.75548) (xy 1.51214 1.703481) (xy 1.48708 1.664308)
      (xy 1.473264 1.641035) (xy 1.471188 1.636145) (xy 1.475895 1.622245) (xy 1.488723 1.58985)
      (xy 1.507738 1.543515) (xy 1.531003 1.487794) (xy 1.556584 1.427242) (xy 1.582545 1.366414)
      (xy 1.60695 1.309864) (xy 1.627863 1.262148) (xy 1.643349 1.227819) (xy 1.651472 1.211432)
      (xy 1.651952 1.210788) (xy 1.664707 1.207659) (xy 1.698677 1.200679) (xy 1.75034 1.190533)
      (xy 1.816176 1.177908) (xy 1.892664 1.163491) (xy 1.93729 1.155177) (xy 2.019021 1.139616)
      (xy 2.092843 1.124808) (xy 2.155021 1.111564) (xy 2.201822 1.100695) (xy 2.229509 1.093011)
      (xy 2.235074 1.090573) (xy 2.240526 1.07407) (xy 2.244924 1.0368) (xy 2.248272 0.98312)
      (xy 2.250574 0.917388) (xy 2.251832 0.843963) (xy 2.252048 0.767204) (xy 2.251227 0.691468)
      (xy 2.249371 0.621114) (xy 2.246482 0.5605) (xy 2.242565 0.513984) (xy 2.237622 0.485925)
      (xy 2.234657 0.480084) (xy 2.216934 0.473083) (xy 2.179381 0.463073) (xy 2.126964 0.451231)
      (xy 2.064652 0.438733) (xy 2.0429 0.43469) (xy 1.938024 0.41548) (xy 1.85518 0.400009)
      (xy 1.79163 0.387663) (xy 1.744637 0.377827) (xy 1.711463 0.369886) (xy 1.689371 0.363224)
      (xy 1.675624 0.357227) (xy 1.667484 0.351281) (xy 1.666345 0.350106) (xy 1.654977 0.331174)
      (xy 1.637635 0.294331) (xy 1.61605 0.244087) (xy 1.591954 0.184954) (xy 1.567079 0.121444)
      (xy 1.543157 0.058068) (xy 1.521919 -0.000662) (xy 1.505097 -0.050235) (xy 1.494422 -0.086139)
      (xy 1.491627 -0.103862) (xy 1.49186 -0.104483) (xy 1.501331 -0.11897) (xy 1.522818 -0.150844)
      (xy 1.554063 -0.196789) (xy 1.592807 -0.253485) (xy 1.636793 -0.317617) (xy 1.649319 -0.335842)
      (xy 1.693984 -0.401914) (xy 1.733288 -0.4622) (xy 1.765088 -0.513235) (xy 1.787245 -0.55156)
      (xy 1.797617 -0.573711) (xy 1.798119 -0.576432) (xy 1.789405 -0.590736) (xy 1.765325 -0.619072)
      (xy 1.728976 -0.658396) (xy 1.683453 -0.705661) (xy 1.631852 -0.757823) (xy 1.577267 -0.811835)
      (xy 1.522794 -0.864653) (xy 1.471529 -0.913231) (xy 1.426567 -0.954523) (xy 1.391004 -0.985485)
      (xy 1.367935 -1.00307) (xy 1.361554 -1.005941) (xy 1.346699 -0.999178) (xy 1.316286 -0.980939)
      (xy 1.275268 -0.954297) (xy 1.243709 -0.932852) (xy 1.186525 -0.893503) (xy 1.118806 -0.847171)
      (xy 1.05088 -0.800913) (xy 1.014361 -0.776155) (xy 0.890752 -0.692547) (xy 0.786991 -0.74865)
      (xy 0.73972 -0.773228) (xy 0.699523 -0.792331) (xy 0.672326 -0.803227) (xy 0.665402 -0.804743)
      (xy 0.657077 -0.793549) (xy 0.640654 -0.761917) (xy 0.617357 -0.712765) (xy 0.588414 -0.64901)
      (xy 0.55505 -0.573571) (xy 0.518491 -0.489364) (xy 0.479964 -0.399308) (xy 0.440694 -0.306321)
      (xy 0.401908 -0.21332) (xy 0.36483 -0.123223) (xy 0.330689 -0.038948) (xy 0.300708 0.036587)
      (xy 0.276116 0.100466) (xy 0.258136 0.149769) (xy 0.247997 0.181579) (xy 0.246366 0.192504)
      (xy 0.259291 0.206439) (xy 0.287589 0.22906) (xy 0.325346 0.255667) (xy 0.328515 0.257772)
      (xy 0.4261 0.335886) (xy 0.504786 0.427018) (xy 0.563891 0.528255) (xy 0.602732 0.636682)
      (xy 0.620628 0.749386) (xy 0.616897 0.863452) (xy 0.590857 0.975966) (xy 0.541825 1.084015)
      (xy 0.5274 1.107655) (xy 0.452369 1.203113) (xy 0.36373 1.279768) (xy 0.264549 1.33722)
      (xy 0.157895 1.375071) (xy 0.046836 1.392922) (xy -0.065561 1.390375) (xy -0.176227 1.36703)
      (xy -0.282094 1.32249) (xy -0.380095 1.256355) (xy -0.41041 1.229513) (xy -0.487562 1.145488)
      (xy -0.543782 1.057034) (xy -0.582347 0.957885) (xy -0.603826 0.859697) (xy -0.609128 0.749303)
      (xy -0.591448 0.63836) (xy -0.552581 0.530619) (xy -0.494323 0.429831) (xy -0.418469 0.339744)
      (xy -0.326817 0.264108) (xy -0.314772 0.256136) (xy -0.276611 0.230026) (xy -0.247601 0.207405)
      (xy -0.233732 0.192961) (xy -0.233531 0.192504) (xy -0.236508 0.176879) (xy -0.248311 0.141418)
      (xy -0.267714 0.089038) (xy -0.293488 0.022655) (xy -0.324409 -0.054814) (xy -0.359249 -0.14045)
      (xy -0.396783 -0.231337) (xy -0.435783 -0.324559) (xy -0.475023 -0.417197) (xy -0.513276 -0.506335)
      (xy -0.549317 -0.589055) (xy -0.581917 -0.662441) (xy -0.609852 -0.723575) (xy -0.631895 -0.769541)
      (xy -0.646818 -0.797421) (xy -0.652828 -0.804743) (xy -0.671191 -0.799041) (xy -0.705552 -0.783749)
      (xy -0.749984 -0.761599) (xy -0.774417 -0.74865) (xy -0.878178 -0.692547) (xy -1.001787 -0.776155)
      (xy -1.064886 -0.818987) (xy -1.13397 -0.866122) (xy -1.198707 -0.910503) (xy -1.231134 -0.932852)
      (xy -1.276741 -0.963477) (xy -1.31536 -0.987747) (xy -1.341952 -1.002587) (xy -1.35059 -1.005724)
      (xy -1.363161 -0.997261) (xy -1.390984 -0.973636) (xy -1.431361 -0.937302) (xy -1.481595 -0.890711)
      (xy -1.538988 -0.836317) (xy -1.575286 -0.801392) (xy -1.63879 -0.738996) (xy -1.693673 -0.683188)
      (xy -1.737714 -0.636354) (xy -1.768695 -0.600882) (xy -1.784398 -0.579161) (xy -1.785905 -0.574752)
      (xy -1.778914 -0.557985) (xy -1.759594 -0.524082) (xy -1.730091 -0.476476) (xy -1.692545 -0.418599)
      (xy -1.6491 -0.353884) (xy -1.636745 -0.335842) (xy -1.591727 -0.270267) (xy -1.55134 -0.211228)
      (xy -1.51784 -0.162042) (xy -1.493486 -0.126028) (xy -1.480536 -0.106502) (xy -1.479285 -0.104483)
      (xy -1.481156 -0.088922) (xy -1.491087 -0.054709) (xy -1.507347 -0.006355) (xy -1.528205 0.051629)
      (xy -1.551927 0.11473) (xy -1.576784 0.178437) (xy -1.601042 0.238239) (xy -1.622971 0.289624)
      (xy -1.640838 0.328081) (xy -1.652913 0.349098) (xy -1.653771 0.350106) (xy -1.661154 0.356112)
      (xy -1.673625 0.362052) (xy -1.69392 0.36854) (xy -1.724778 0.376191) (xy -1.768934 0.38562)
      (xy -1.829126 0.397441) (xy -1.908093 0.412271) (xy -2.00857 0.430723) (xy -2.030325 0.43469)
      (xy -2.094802 0.447147) (xy -2.151011 0.459334) (xy -2.193987 0.470074) (xy -2.21876 0.478191)
      (xy -2.222082 0.480084) (xy -2.227556 0.496862) (xy -2.232006 0.534355) (xy -2.235428 0.588206)
      (xy -2.237819 0.654056) (xy -2.239177 0.727547) (xy -2.239499 0.80432) (xy -2.238781 0.880017)
      (xy -2.237021 0.95028) (xy -2.234216 1.01075) (xy -2.230362 1.05707) (xy -2.225457 1.084881)
      (xy -2.2225 1.090573) (xy -2.206037 1.096314) (xy -2.168551 1.105655) (xy -2.113775 1.117785)
      (xy -2.045445 1.131893) (xy -1.967294 1.14717) (xy -1.924716 1.155177) (xy -1.843929 1.170279)
      (xy -1.771887 1.18396) (xy -1.712111 1.195533) (xy -1.668121 1.204313) (xy -1.643439 1.209613)
      (xy -1.639377 1.210788) (xy -1.632511 1.224035) (xy -1.617998 1.255943) (xy -1.597771 1.301953)
      (xy -1.573766 1.357508) (xy -1.547918 1.418047) (xy -1.52216 1.479014) (xy -1.498427 1.535849)
      (xy -1.478654 1.583994) (xy -1.464776 1.61889) (xy -1.458726 1.635979) (xy -1.458614 1.636726)
      (xy -1.465472 1.650207) (xy -1.484698 1.68123) (xy -1.514272 1.726711) (xy -1.552173 1.783568)
      (xy -1.59638 1.848717) (xy -1.622079 1.886138) (xy -1.668907 1.954753) (xy -1.710499 2.017048)
